N <- 21
y <- 
c(-0.555520423880492, -0.45409063421027,
-0.375325065475225, -0.303736167223768, -0.2524249642909,
-0.151959094900659, -0.0940523684788975,
-0.0444270215906998, -0.00626377764661846,
0.0217870444656814, 0.110156331678157, 0.44741105318946,
0.452878033816443, 0.470356109365662, 0.484353094306456,
0.50042907382809, 0.517797394274967, 0.281214769091591,
0.145198447682626, 0.176186204188251, 0.19401129636889)
x <- 
c(-8.5, -7.5, -6.5, -5.5, -4.5, -3.5, -2.5, -1.5,
-0.5, 0.5, 1.5, 2.5, 3.5, 4.5, 5.5, 6.5, 7.5, 8.5, 9.5,
10.5, 11.5)
mu0 <- 
c(-0.311938510987452, 0.052536970789296)
Sigma0 <- 
structure(c(2.14301349612066, 0.202869797529078,
0.202869797529078, 0.0193209330980075),
.Dim = c(2, 2))
a0 <- 2
b0 <- 1
