N <- 21
y <- 
c(1.77495235091167, 1.88706964903238,
1.98787434815435, 2.09186406167839, 2.17475172148416,
2.36085400111802, 2.484906649788, 2.60268968544438,
2.70136121295141, 2.77881927199042, 3.05400118167797,
4.77912349311153, 4.82028156560504, 4.95582705760126,
5.06890420222023, 5.2040066870768, 5.35658627467201,
3.76120011569356, 3.17805383034795, 3.29583686600433,
3.36729582998647)
x <- 
c(-8.5, -7.5, -6.5, -5.5, -4.5, -3.5, -2.5, -1.5,
-0.5, 0.5, 1.5, 2.5, 3.5, 4.5, 5.5, 6.5, 7.5, 8.5, 9.5,
10.5, 11.5)
mu0 <- 
c(1.87185585035901, 0.0329789838958981)
Sigma0 <- 
structure(c(0.844441154194554, 0.0799395833422342,
0.0799395833422342, 0.00761329365164136),
.Dim = c(2, 2))
a0 <- 2
b0 <- 1
